in
98.9827560573 20.5 26.5223495502 98.9827560573 -20.5 26.5223495502 0.375 21 
98.9827560573 20.5 -26.5223495502 98.9827560573 -20.5 -26.5223495502 0.375 21 
76.6717131543 15.8792317195 20.544123622 76.6717131543 -15.8792317195 20.544123622 0.25 21 
76.6717131543 15.8792317195 -20.544123622 76.6717131543 -15.8792317195 -20.544123622 0.25 21 
59.3896536344 12.3 15.9134097301 59.3896536344 -12.3 15.9134097301 0.25 21 
59.3896536344 12.3 -15.9134097301 59.3896536344 -12.3 -15.9134097301 0.25 21 
46.0030278926 9.52753903167 12.3264741732 46.0030278926 -9.52753903167 12.3264741732 0.125 21 
46.0030278926 9.52753903167 -12.3264741732 46.0030278926 -9.52753903167 -12.3264741732 0.125 21 
35.6337921806 7.38 9.54804583806 35.6337921806 -7.38 9.54804583806 0.125 21 
35.6337921806 7.38 -9.54804583806 35.6337921806 -7.38 -9.54804583806 0.125 21 
27.6018167356 5.716523419 7.39588450392 27.6018167356 -5.716523419 7.39588450392 0.125 21 
27.6018167356 5.716523419 -7.39588450392 27.6018167356 -5.716523419 -7.39588450392 0.125 21 
21.3802753084 4.428 5.72882750283 21.3802753084 -4.428 5.72882750283 0.125 21 
21.3802753084 4.428 -5.72882750283 21.3802753084 -4.428 -5.72882750283 0.125 21 
16.5610900413 3.4299140514 4.43753070235 16.5610900413 -3.4299140514 4.43753070235 0.125 21 
16.5610900413 3.4299140514 -4.43753070235 16.5610900413 -3.4299140514 -4.43753070235 0.125 21 
12.828165185 2.6568 3.4372965017 12.828165185 -2.6568 3.4372965017 0.125 21 
12.828165185 2.6568 -3.4372965017 12.828165185 -2.6568 -3.4372965017 0.125 21 
9.9366540248 2.05794843084 2.66251842141 9.9366540248 -2.05794843084 2.66251842141 0.125 21 
9.9366540248 2.05794843084 -2.66251842141 9.9366540248 -2.05794843084 -2.66251842141 0.125 21 
7.69689911102 1.59408 2.06237790102 7.69689911102 -1.59408 2.06237790102 0.125 21 
7.69689911102 1.59408 -2.06237790102 7.69689911102 -1.59408 -2.06237790102 0.125 21 
5.96199241488 1.2347690585 1.59751105285 5.96199241488 -1.2347690585 1.59751105285 0.125 21 
5.96199241488 1.2347690585 -1.59751105285 5.96199241488 -1.2347690585 -1.59751105285 0.125 21 
